1 416721
3 428731
4 429860
5 431415
7 434228
8 436013
9 436318
11 442198
18 446686
19 450477
30 460901
35 460501
37 465947
44 469397
47 471417
55 472121
70 471370
82 476915
103 477049
107 477383
108 478726
115 479764
117 479237
124 478113
137 480131
142 479694
161 481859
168 479856
181 480017
192 481553
197 476295
198 477158
209 481850
229 486442
242 488429
288 488754
291 490778
321 490983
344 490594
396 490935
419 489233
427 490936
456 491905
500 492481
517 491327
550 491042
587 491064
599 490475
640 491064
681 489259
702 490439
735 490297
739 488991
781 489224
790 488065
799 489882
817 490150
835 490009
837 489372
843 489250
871 487096
894 487218
903 486246
913 483201
921 486050
924 486348
948 486221
950 486758
974 490233
1001 490511
1014 492036
1129 489618
1160 486181
1173 484816
1181 485120
1193 482570
1212 483733
1225 482186
1255 482796
1264 483194
1269 485044
1290 485562
1291 485960
1317 484359
1353 485112
1359 482308
1390 483286
1424 484931
1436 486844
1521 485882
1526 488180
1547 489100
1556 488116
1560 487501
1565 491114
1572 492332
1592 493812
1611 492996
1713 493211
1716 493659
1785 493116
1808 492916
1811 494240
1821 492753
1867 491740
1876 490434
2029 491158
2074 489744
2115 490589
2129 493145
2182 492934
2204 491234
2238 491802
2260 491588
2265 491323
2274 488467
2297 493169
2332 492129
2388 494096
2408 493213
2450 493001
2669 491949
2682 490040
2684 491687
2689 492080
2785 489047
2801 488941
2805 489442
2887 489567
2904 493797
2913 495392
2922 495512
2924 495446
3022 497507
3044 497199
3183 497199
3363 496532
3405 496347
3464 497043
3623 493435
3641 493496
3789 492255
3932 492642
4044 492360
4086 494738
4091 495297
4092 494830
4163 494830
4191 497457
4202 496437
4223 497899
4285 498285
4337 500312
4380 497927
4511 497927
4513 498374
4789 498881
4829 500486
4867 499153
4953 498484
5047 497421
5093 496783
5113 497631
5116 499064
5122 499501
5343 499652
5403 499004
5424 499282
5554 499056
5714 498661
5723 497621
5765 495615
5861 495688
5909 495357
6019 496594
6057 499086
6190 498155
6474 498155
6573 499105
6689 499062
6805 499573
7086 499655
7099 499655
7262 499648
7324 499338
7329 499274
7372 498989
7417 499522
7438 500920
7915 501354
8439 501532
8503 501526
8860 501874
8884 502305
9306 502241
